0 1 1 0 0 1
1 1 2 0 1 1
2 1 3 0 2 1
3 1 4 0 3 1
4 1 5 0 4 0
5 1 6 0 5 0
6 1 7 0 6 0
7 1 8 0 7 0
8 2 1 0 8 1
9 2 2 0 9 1
10 2 3 0 10 1
11 2 4 0 11 1
12 2 5 0 12 0
13 2 6 0 13 0
14 2 7 0 14 0
15 2 8 0 15 0
16 3 1 0 16 1
17 3 2 0 17 1
18 3 3 0 18 1
19 3 4 0 19 1
20 3 5 0 20 0
21 3 6 0 21 0
22 3 7 0 22 0
23 3 8 0 23 0
24 4 1 2 0 1
25 4 2 2 1 1
26 4 3 2 2 1
27 4 4 2 3 1
28 4 5 2 4 0
29 4 6 2 5 0
30 4 7 2 6 0
31 4 8 2 7 0
32 5 1 2 8 1
33 5 2 2 9 1
34 5 3 2 10 1
35 5 4 2 11 1
36 5 5 2 12 0
37 5 6 2 13 0
38 5 7 2 14 0
39 5 8 2 15 0
40 6 1 2 16 1
41 6 2 2 17 1
42 6 3 2 18 1
43 6 4 2 19 1
44 6 5 2 20 0
45 6 6 2 21 0
46 6 7 2 22 0
47 6 8 2 23 0
48 7 1 4 0 1
49 7 2 4 1 1
50 7 3 4 2 1
51 7 4 4 3 1
52 7 5 4 4 0
53 7 6 4 5 0
54 7 7 4 6 0
55 7 8 4 7 0
56 8 1 4 8 1
57 8 2 4 9 1
58 8 3 4 10 1
59 8 4 4 11 1
60 8 5 4 12 0
61 8 6 4 13 0
62 8 7 4 14 0
63 8 8 4 15 0
64 9 1 4 16 1
65 9 2 4 17 1
66 9 3 4 18 1
67 9 4 4 19 1
68 9 5 4 20 0
69 9 6 4 21 0
70 9 7 4 22 0
71 9 8 4 23 0
72 10 1 6 0 1
73 10 2 6 1 1
74 10 3 6 2 1
75 10 4 6 3 1
76 10 5 6 4 0
77 10 6 6 5 0
78 10 7 6 6 0
79 10 8 6 7 0
80 11 1 6 8 1
81 11 2 6 9 1
82 11 3 6 10 1
83 11 4 6 11 1
84 11 5 6 12 0
85 11 6 6 13 0
86 11 7 6 14 0
87 11 8 6 15 0
88 12 1 6 16 1
89 12 2 6 17 1
90 12 3 6 18 1
91 12 4 6 19 1
92 12 5 6 20 0
93 12 6 6 21 0
94 12 7 6 22 0
95 12 8 6 23 0
96 13 1 8 0 1
97 13 2 8 1 1
98 13 3 8 2 1
99 13 4 8 3 1
100 13 5 8 4 0
101 13 6 8 5 0
102 13 7 8 6 0
103 13 8 8 7 0
104 14 1 8 8 1
105 14 2 8 9 1
106 14 3 8 10 1
107 14 4 8 11 1
108 14 5 8 12 0
109 14 6 8 13 0
110 14 7 8 14 0
111 14 8 8 15 0
112 15 1 8 16 1
113 15 2 8 17 1
114 15 3 8 18 1
115 15 4 8 19 1
116 15 5 8 20 0
117 15 6 8 21 0
118 15 7 8 22 0
119 15 8 8 23 0
120 16 1 10 0 1
121 16 2 10 1 1
122 16 3 10 2 1
123 16 4 10 3 1
124 16 5 10 4 0
125 16 6 10 5 0
126 16 7 10 6 0
127 16 8 10 7 0
128 17 1 10 8 1
129 17 2 10 9 1
130 17 3 10 10 1
131 17 4 10 11 1
132 17 5 10 12 0
133 17 6 10 13 0
134 17 7 10 14 0
135 17 8 10 15 0
136 18 1 10 16 1
137 18 2 10 17 1
138 18 3 10 18 1
139 18 4 10 19 1
140 18 5 10 20 0
141 18 6 10 21 0
142 18 7 10 22 0
143 18 8 10 23 0
144 19 1 12 0 1
145 19 2 12 1 1
146 19 3 12 2 1
147 19 4 12 3 1
148 19 5 12 4 0
149 19 6 12 5 0
150 19 7 12 6 0
151 19 8 12 7 0
152 20 1 12 8 1
153 20 2 12 9 1
154 20 3 12 10 1
155 20 4 12 11 1
156 20 5 12 12 0
157 20 6 12 13 0
158 20 7 12 14 0
159 20 8 12 15 0
160 21 1 12 16 1
161 21 2 12 17 1
162 21 3 12 18 1
163 21 4 12 19 1
164 21 5 12 20 0
165 21 6 12 21 0
166 21 7 12 22 0
167 21 8 12 23 0
168 22 1 14 0 1
169 22 2 14 1 1
170 22 3 14 2 1
171 22 4 14 3 1
172 22 5 14 4 0
173 22 6 14 5 0
174 22 7 14 6 0
175 22 8 14 7 0
176 23 1 14 8 1
177 23 2 14 9 1
178 23 3 14 10 1
179 23 4 14 11 1
180 23 5 14 12 0
181 23 6 14 13 0
182 23 7 14 14 0
183 23 8 14 15 0
184 24 1 14 16 1
185 24 2 14 17 1
186 24 3 14 18 1
187 24 4 14 19 1
188 24 5 14 20 0
189 24 6 14 21 0
190 24 7 14 22 0
191 24 8 14 23 0
